Motif1
A -1.587 0.679 0.496 0.211 -2.279 -2.279 -1.587 -3.657 -3.657 -5.979 1.755 -5.979 -5.979 0.735 -5.979 -1.892 -5.979 -3.657 -5.979 1.728 -5.979 0.841
C -0.193 -5.550 1.108 -5.550 1.981 -1.850 0.859 2.157 -5.550 -3.228 -5.550 -5.550 2.184 1.218 -5.550 -1.850 2.184 2.184 -5.550 -2.380 2.184 -3.228
G 0.227 1.369 -3.179 1.554 -5.501 2.091 -1.801 -5.501 -3.179 -5.501 -3.179 -5.501 -5.501 -5.501 2.206 1.999 -5.501 -5.501 -2.331 -5.501 -5.501 1.099
T 0.697 -6.017 -1.373 -2.317 -1.625 -6.017 0.641 -3.695 1.690 1.718 -6.017 1.744 -3.695 -3.695 -2.847 -2.847 -3.695 -6.017 1.690 -6.017 -3.695 -3.695
I 0.200 0.987 0.481 0.847 1.351 1.563 0.368 1.857 1.425 1.537 1.575 1.643 1.979 0.845 1.927 1.273 1.979 1.979 1.458 1.492 1.979 0.759
a 5 25 22 18 3 3 5 1 1 0 53 0 0 26 0 4 0 1 0 52 0 28
c 10 0 25 0 46 3 21 52 0 1 0 0 53 27 0 3 53 53 0 2 53 1
g 13 29 1 33 0 48 3 0 1 0 1 0 0 0 52 45 0 0 2 0 0 24
t 26 0 6 3 5 0 25 1 52 53 0 54 1 1 2 2 1 0 52 0 1 1
