Motif2
A -2.890 -2.198 -6.590 -2.198 -3.420 -1.233 0.230 1.346 -6.590 -1.946 -4.268 -6.590 -2.890 -6.590 1.754 -6.590 -6.590 -1.546 -2.890 -0.568 -4.268 1.117
C -0.804 -2.991 2.110 -6.161 -0.546 -2.461 1.058 -6.161 2.129 -6.161 1.932 2.183 -3.839 1.518 -6.161 -6.161 2.183 2.053 -6.161 -2.074 2.183 0.497
G 1.959 2.141 -3.790 2.022 -1.720 0.364 -2.942 0.364 -2.942 2.122 -6.112 -6.112 1.595 -2.942 -2.942 -6.112 -6.112 -6.112 2.214 1.848 -6.112 -1.720
T -2.928 -6.628 -2.236 -1.584 1.378 0.964 -0.606 -6.628 -2.928 -3.458 -0.795 -3.458 0.140 0.291 -6.628 1.751 -3.458 -4.306 -6.628 -4.306 -4.306 -4.306
I 1.246 1.706 1.725 1.380 0.775 0.405 0.350 1.040 1.771 1.645 1.353 1.981 0.869 0.933 1.580 1.679 1.981 1.581 1.966 1.091 1.966 0.673
a 3 5 0 5 2 10 28 61 0 6 1 0 3 0 81 0 0 8 3 16 1 52
c 10 2 77 0 12 3 37 0 78 0 68 81 1 51 0 0 81 74 0 4 81 25
g 67 76 1 70 5 22 2 22 2 75 0 0 52 2 2 0 0 0 80 62 0 5
t 3 0 5 8 64 48 16 0 3 2 14 2 27 30 0 83 2 1 0 1 1 1
